#1
double Wc_NcRline(11,21)   # Wc=f(Nc, Rline)
0	0	0.05263	0.10526	0.15789	0.21053	0.26316	0.31579	0.36842	0.42105	0.47368	0.52632	0.57895	0.63158	0.68421	0.73684	0.78947	0.84211	0.89474	0.94737	1
0.5	2.67822859	2.63839873	2.59300193	2.54715388	2.50008106	2.45161586	2.39900445	2.34727746	2.29360887	2.23689251	2.17801796	2.11914084	2.05824218	1.99916393	1.93482041	1.87167331	1.80828899	1.74538169	1.68438763	1.62411038
0.6	3.47258248	3.4457946	3.41613429	3.37403536	3.32811255	3.27501122	3.21808343	3.15552681	3.09466167	3.02960133	2.96071195	2.89182514	2.81911186	2.74496237	2.66602978	2.58566098	2.50529218	2.42492338	2.34072811	2.25653283
0.7	4.58434531	4.57573575	4.54703205	4.51258865	4.47431619	4.42456432	4.36715951	4.30209918	4.2293859	4.1490171	4.06482183	3.97853798	3.88494929	3.78544555	3.68450559	3.58243626	3.47125199	3.36006771	3.24965698	3.14632677
0.75	5.27656541	5.26364977	5.24835678	5.22059423	5.18615083	5.14578722	5.09573625	5.03546158	4.96657478	4.88907583	4.80296732	4.71255274	4.61352602	4.50442774	4.38533783	4.26135138	4.1331491	4.00645782	3.87729634	3.75243836
0.8	6.08455433	6.07163869	6.04459554	6.01566752	5.98122412	5.93816857	5.89080954	5.83702234	5.77886719	5.71428645	5.64539964	5.56359463	5.47748612	5.37415591	5.253604	5.12013387	4.97820374	4.81444674	4.64222972	4.48292833
0.85	6.80345659	6.78556706	6.76767495	6.74978542	6.72989499	6.70206024	6.67631407	6.64569714	6.60742726	6.56533091	6.51557905	6.46199813	6.39311132	6.32039804	6.22854725	6.12904351	6.01040483	5.84966981	5.65831528	5.44782581
0.9	7.45703551	7.44842595	7.43694395	7.42546196	7.41398254	7.39923361	7.38832146	7.37181142	7.3528905	7.333967	7.31639204	7.2905582	7.26185708	7.22454125	7.16426658	7.08676763	6.97686229	6.83418182	6.67631407	6.48304888
0.95	8.1088327	8.10213637	8.09543747	8.0870677	8.07869536	8.06864959	8.05849809	8.0447264	8.03181335	8.01674468	8	7.98158446	7.95814345	7.93135299	7.89786621	7.8576831	7.79573241	7.7203865	7.63846545	7.53955735
1	8.67595759	8.67404178	8.67117192	8.66734545	8.66351898	8.65873589	8.65395022	8.64916713	8.64342743	8.63768514	8.6300322	8.62142006	8.60994064	8.59558879	8.57549466	8.54966339	8.50982064	8.45876922	8.40710411	8.35008092
1.05	9.07430517	9.07119552	9.06712925	9.06330278	9.0594763	9.05588705	9.05206058	9.04847391	9.04493107	9.04091379	9.03675211	9.03273483	9.02814255	9.02369209	9.019172	9.01428577	9.00905403	9.00388674	8.99824244	8.99226293

double PR_NcRline(11,21)   # PR=f(Nc, Rline)
0	0	0.05263	0.10526	0.15789	0.21053	0.26316	0.31579	0.36842	0.42105	0.47368	0.52632	0.57895	0.63158	0.68421	0.73684	0.78947	0.84211	0.89474	0.94737	1
0.5	1.5255205	1.60985825	1.68749366	1.76158719	1.83152581	1.89706432	1.95583238	2.01172606	2.06236141	2.10655325	2.14490097	2.17931175	2.20776944	2.23407476	2.25093958	2.26493003	2.27454761	2.28062331	2.28490082	2.28609961
0.6	2.05954152	2.18086473	2.29786957	2.40231433	2.50034284	2.58859028	2.66948151	2.74091862	2.80964483	2.86984326	2.92154117	2.96853927	3.00662817	3.03823269	3.0593614	3.07363793	3.08272422	3.08664754	3.08061272	3.0692923
0.7	2.93915525	3.11841554	3.27805923	3.42981541	3.57497824	3.70512892	3.82319632	3.92841758	4.02009793	4.097529	4.16466136	4.22334769	4.26687202	4.29648763	4.31762996	4.33065321	4.32468649	4.31173136	4.29294574	4.27742956
0.75	3.56474764	3.76826985	3.96826379	4.15365427	4.32935905	4.49550075	4.6469981	4.78213467	4.9019049	5.00547781	5.0920633	5.16670173	5.22316757	5.25876352	5.27287657	5.27220906	5.25748299	5.23698092	5.20491323	5.17152415
0.8	4.37058116	4.60799649	4.82828816	5.04408437	5.25073978	5.44375894	5.6276918	5.79926892	5.96057457	6.10829846	6.24482453	6.3571568	6.456929	6.52417034	6.55746407	6.56232735	6.54505385	6.48373835	6.39903279	6.32566127
0.85	5.15606245	5.41866604	5.6796894	5.93913254	6.19436628	6.43710807	6.68035389	6.91436356	7.13445089	7.3454928	7.54110026	7.72651798	7.88266065	8.02697888	8.13323545	8.21941226	8.26485738	8.22757222	8.12563402	7.97846866
0.9	5.92612292	6.22906314	6.52743978	6.82476747	7.12104622	7.41156259	7.70643821	7.99173711	8.27172319	8.55002006	8.82884821	9.09198308	9.34780259	9.58566747	9.77829157	9.9338076	10.0217281	10.0385793	10.0161564	9.91415014
0.95	6.74717292	7.08268487	7.41757018	7.74940401	8.08044773	8.40814028	8.7347294	9.05446633	9.37436674	9.68934937	10	10.3060598	10.6011261	10.8877056	11.1588914	11.4138118	11.621271	11.7959949	11.950789	12.0629578
1	7.50470057	7.87381956	8.24135833	8.60716702	8.9726079	9.33612799	9.69919853	10.0618059	10.4222609	10.782171	11.1379807	11.4912429	11.8380889	12.1781372	12.5051214	12.8182649	13.0992318	13.3523268	13.5995368	13.8301681
1.05	8.06077664	8.44755057	8.83256719	9.21757018	9.60219173	9.98682691	10.3707128	10.7546396	11.138294	11.5207223	11.9024831	12.2841213	12.6642065	13.0441419	13.4234779	13.8016014	14.1784853	14.5550014	14.9299236	15.3034972

double eff_NcRline(11,21)   # eff=f(Nc, Rline)
0	0	0.05263	0.10526	0.15789	0.21053	0.26316	0.31579	0.36842	0.42105	0.47368	0.52632	0.57895	0.63158	0.68421	0.73684	0.78947	0.84211	0.89474	0.94737	1
0.5	0.618613585	0.635215265	0.645460062	0.652431821	0.65754949	0.661390107	0.663669881	0.665088828	0.665940197	0.66612939	0.665476674	0.663811776	0.660595496	0.656414333	0.650341239	0.64417355	0.63748558	0.630948964	0.624696138	0.618717641
0.6	0.634297679	0.653737253	0.672230862	0.686212219	0.697355683	0.703996355	0.707789673	0.709445111	0.70920862	0.708262655	0.705651793	0.701621983	0.697119192	0.691197453	0.68432029	0.676497162	0.668201052	0.659658991	0.649830419	0.64095727
0.7	0.684443265	0.707108578	0.724239998	0.737521342	0.748352637	0.75549467	0.758616354	0.760413686	0.76004476	0.757481196	0.754066264	0.749062111	0.742970098	0.735402381	0.727219787	0.718734484	0.708347792	0.697232707	0.686164921	0.676970144
0.75	0.717854737	0.735336164	0.750036454	0.760706936	0.769712519	0.775880209	0.779437036	0.781328965	0.781811407	0.780855983	0.778964053	0.7761167	0.771850399	0.76568271	0.757859582	0.748617507	0.737947026	0.727276545	0.715423608	0.70357067
0.8	0.752618938	0.76594758	0.776703198	0.784535785	0.790268331	0.795017074	0.798573901	0.800872595	0.802395598	0.802717226	0.802168566	0.800655023	0.797599557	0.792122422	0.783968206	0.774413963	0.7632705	0.75069863	0.737899728	0.725810299
0.85	0.773865304	0.781168151	0.787146648	0.792784597	0.798261732	0.802499654	0.806680818	0.810209266	0.812536339	0.813529602	0.813652577	0.813028241	0.811041715	0.808383554	0.804401043	0.79966176	0.792954871	0.783296571	0.770715242	0.756885238
0.9	0.775473444	0.785008767	0.793399474	0.799500946	0.804353745	0.808743021	0.812602556	0.815591805	0.817729685	0.819328365	0.819858105	0.819290527	0.818155369	0.816443173	0.813501223	0.810284943	0.805441604	0.798904988	0.791791334	0.782672235
0.95	0.77263555	0.782445203	0.790410226	0.79752388	0.803237506	0.808478151	0.812602556	0.815733699	0.818297264	0.819574316	0.82	0.819716211	0.818581053	0.816726962	0.814456647	0.811609294	0.808194361	0.804779429	0.799945549	0.796246828
1	0.756440635	0.769050344	0.779635688	0.788631812	0.795783305	0.802291542	0.80689839	0.809849799	0.812252549	0.813293111	0.813955286	0.813955286	0.813671496	0.812697153	0.811372802	0.809216003	0.807220018	0.804401043	0.800919893	0.796161691
1.05	0.733945595	0.740841678	0.748475613	0.754775737	0.761747497	0.767725993	0.772966637	0.778103226	0.782378986	0.786049329	0.789596696	0.79269	0.795433298	0.797580638	0.79939689	0.800872595	0.801156384	0.800153662	0.797173873	0.790041299
