#1
double Wc_NcPR(12,21)   # Wc=f(Nc, PR)
0	3.11584869	3.67426678	4.23268486	4.79110295	5.34952103	5.90793912	6.4663572	7.02477529	7.58319337	8.14161146	8.70002954	9.25844763	9.81686571	10.3752838	10.9337019	11.49212	12.0505381	12.6089561	13.1673742	13.7257923
0.600000024	1.50105898	1.55788414	1.59973014	1.6272835	1.64133536	1.64823594	1.65091615	1.6519258	1.65194657	1.65181405	1.6518148	1.6518148	1.6518148	1.6518148	1.6518148	1.6518148	1.6518148	1.6518148	1.6518148	1.6518148
0.649999976	1.50043172	1.55286993	1.59375655	1.62136867	1.63741642	1.64484981	1.6481111	1.64952671	1.64980652	1.6497505	1.64974961	1.64974965	1.64974965	1.64974965	1.64974965	1.64974965	1.64974965	1.64974965	1.64974965	1.64974965
0.699999988	1.49989451	1.54872932	1.58914874	1.61706154	1.63369013	1.64234883	1.64566823	1.64722152	1.64764799	1.64768256	1.6476845	1.6476845	1.6476845	1.6476845	1.6476845	1.6476845	1.6476845	1.6476845	1.6476845	1.6476845
0.75	1.49941879	1.54402135	1.58377773	1.61194652	1.62915001	1.63847417	1.64304699	1.64499351	1.64555276	1.64561671	1.64561935	1.64561935	1.64561935	1.64561935	1.64561935	1.64561935	1.64561935	1.64561935	1.64561935	1.64561935
0.800000012	1.49899857	1.53960799	1.57947841	1.6082301	1.62587184	1.63546719	1.64057437	1.64285598	1.64352594	1.64355433	1.64355433	1.64355433	1.64355433	1.64355433	1.64355433	1.64355433	1.64355433	1.64355433	1.64355433	1.64355433
0.850000024	1.49859021	1.53419932	1.57384604	1.60317402	1.62132791	1.63168864	1.63761329	1.6403484	1.6412871	1.64147617	1.64148918	1.64148918	1.64148918	1.64148918	1.64148918	1.64148918	1.64148918	1.64148918	1.64148918	1.64148918
0.899999976	1.49814966	1.52937863	1.56844443	1.59890774	1.61777846	1.62856795	1.63521243	1.638245	1.63918826	1.63942416	1.63942416	1.63942416	1.63942416	1.63942416	1.63942416	1.63942416	1.63942416	1.63942416	1.63942416	1.63942416
0.949999988	1.49929805	1.52652398	1.56417598	1.59282894	1.61167806	1.62379614	1.63085294	1.63434986	1.63564614	1.63601468	1.63604486	1.63604486	1.63604486	1.63604486	1.63604486	1.63604486	1.63605402	1.63605338	1.63604617	1.63604486
1	1.50050044	1.52401029	1.56070523	1.5879856	1.60634812	1.61919784	1.6265372	1.6306169	1.63223122	1.63266568	1.63266568	1.63266568	1.63266568	1.63266568	1.63266568	1.63266568	1.63267996	1.63268906	1.63266568	1.63266568
1.04999995	1.50611826	1.52470944	1.5588681	1.58475785	1.60260503	1.61486362	1.62230747	1.6265181	1.6284694	1.62919805	1.62936336	1.62938025	1.62945404	1.62947401	1.62947423	1.62947456	1.62948033	1.62948672	1.62947423	1.62947423
1.10000002	1.51145357	1.52572722	1.55784837	1.58238087	1.59941815	1.61117539	1.61848126	1.6227442	1.62489347	1.62580086	1.62607192	1.62609607	1.62624064	1.62628277	1.62628277	1.62628277	1.62628277	1.62628277	1.62628277	1.62628277

double eff_NcPR(12,21)   # eff=f(Nc, PR)
0	3.11584869	3.67426678	4.23268486	4.79110295	5.34952103	5.90793912	6.4663572	7.02477529	7.58319337	8.14161146	8.70002954	9.25844763	9.81686571	10.3752838	10.9337019	11.49212	12.0505381	12.6089561	13.1673742	13.7257923
0.600000024	0.73989916	0.740161909	0.738269938	0.734557849	0.729521334	0.723969627	0.718114839	0.711757752	0.704613038	0.696296234	0.686202813	0.674575289	0.661616594	0.647507363	0.632542971	0.628774207	0.628774207	0.628774207	0.628774207	0.628774207
0.649999976	0.767836821	0.768196868	0.766946261	0.764161235	0.760194522	0.755379707	0.750037505	0.74412976	0.737360451	0.729350826	0.719912379	0.708905968	0.696194176	0.682208859	0.667314037	0.651922047	0.651922047	0.651922047	0.651922047	0.651922047
0.699999988	0.790774351	0.79188264	0.791644221	0.789975997	0.787087674	0.783224523	0.778471561	0.772990112	0.766684499	0.759363884	0.750681852	0.740350762	0.728334554	0.71460664	0.699273153	0.682411562	0.67075832	0.67075832	0.67075832	0.67075832
0.75	0.808318863	0.809831412	0.810535344	0.810065686	0.808442687	0.805765369	0.802136021	0.797546805	0.791960329	0.785301618	0.777374761	0.767951094	0.756815248	0.743623422	0.728564882	0.711973329	0.694457486	0.689483543	0.689483543	0.689483543
0.800000012	0.817840417	0.82028124	0.822864951	0.824684347	0.825389679	0.824735914	0.822632761	0.819125037	0.814335864	0.80833461	0.80114431	0.792695148	0.782686575	0.770702122	0.756333819	0.739400804	0.720258955	0.703488081	0.703488081	0.703488081
0.850000024	0.82860732	0.830911478	0.833822559	0.836186582	0.83763244	0.837972465	0.837110421	0.835012786	0.831666089	0.827038867	0.821052926	0.813569395	0.804289571	0.793008462	0.779632743	0.764178745	0.7469841	0.728906465	0.722573731	0.722573731
0.899999976	0.835069092	0.837560876	0.840894371	0.843800459	0.846060949	0.847514964	0.848067265	0.847572447	0.845859536	0.842739983	0.838026539	0.83155863	0.823230343	0.813017606	0.801000989	0.787379586	0.772434703	0.75666348	0.743895803	0.743895803
0.949999988	0.837423284	0.841125239	0.846635409	0.851464297	0.85531786	0.858108318	0.85980102	0.860327908	0.859636513	0.857566847	0.853920401	0.848498823	0.84115012	0.831814197	0.820559598	0.807602893	0.793302748	0.778120333	0.762537776	0.759681233
1	0.839232422	0.843364426	0.850259632	0.856354386	0.861398205	0.865343376	0.868203784	0.869966775	0.870550112	0.8697856	0.867392784	0.863195688	0.857005276	0.84872359	0.838385851	0.826184513	0.812467865	0.797703974	0.78240177	0.774478436
1.04999995	0.840634892	0.844492709	0.851985481	0.85860318	0.864047001	0.868265182	0.87130205	0.873200925	0.873952384	0.873478646	0.871645482	0.868293278	0.863277801	0.856512404	0.847963483	0.837778487	0.826206119	0.813525823	0.799978647	0.788857524
1.10000002	0.841936164	0.845177472	0.852677165	0.859068672	0.864223739	0.868208089	0.871137831	0.873090889	0.874064345	0.873968341	0.872646691	0.86991568	0.865610796	0.859632597	0.851982317	0.842777366	0.832237703	0.820634195	0.808188163	0.794914676
